spawns: 
  default: 
    world: world
    x: -317.686189553986
    y: 70.0
    z: 1228.4281043399242
    yaw: -130.20428
    pitch: -1.0500271
