world: world
x: -301.11229385760004
y: 69.0
z: 1217.930774603148
yaw: -171.43301
pitch: 5.801437
name: buffer
