world: world
x: -274.3467011165487
y: 70.0
z: 1230.3974081601561
yaw: -89.54508
pitch: 5.067085
name: case
