world: world
x: -294.64327496694074
y: 69.0
z: 1238.0613785681558
yaw: 0.30504483
pitch: 6.4170847
name: enchant
