world: world
x: -276.3059423995938
y: 70.0
z: 1245.681492534325
yaw: 0.904773
pitch: 5.5170493
name: job
