world: world
x: -268.57771255868704
y: 70.0
z: 1242.9846614844942
yaw: -56.545116
pitch: 8.967074
name: parkour
