world: world
x: -299.36629644479973
y: 69.0
z: 1186.1678056067067
yaw: -179.24478
pitch: 7.017034
name: pvp
