world: world
x: -280.5921726150909
y: 70.0
z: 1225.0567422719075
yaw: -179.54494
pitch: 6.117088
name: top
