lastAccountName: soskamin3331
timestamps:
  login: 1518192748700
  logout: 1518192325436
ipAddress: 127.0.0.1
lastlocation:
  world: world
  x: -306.5
  y: 70.0
  z: 1227.5
  yaw: 0.0
  pitch: 0.0
logoutlocation:
  world: world
  x: -300.04537270166105
  y: 69.4807108763317
  z: 1217.4649113287667
  yaw: -120.15463
  pitch: 10.649997
socialspy: false
money: '4500.0'
