lastAccountName: m1halych11
timestamps:
  login: 1518383334676
  logout: 1518383347091
ipAddress: 127.0.0.1
lastlocation:
  world: world
  x: -322.5
  y: 69.0
  z: 1232.5
  yaw: 0.0
  pitch: 0.0
logoutlocation:
  world: world
  x: -301.95259865322794
  y: 69.0
  z: 1227.2610481772278
  yaw: -81.30431
  pitch: 4.3499737
